5.831783664792267174e-02
7.421543869304136898e-02
1.027885157356080992e-01
1.231997585623809677e-01
1.261067740117256530e-01
1.347745620614512196e-01
1.525805864626281760e-01
1.700759374570049998e-01
1.898969008108576384e-01
2.112002201342996210e-01
2.310344980627293543e-01
2.557996067762308146e-01
2.653062130243168948e-01
2.729620934061788295e-01
2.827305529542821771e-01
3.029287625878207546e-01
3.136514333139531763e-01
3.210143930551179192e-01
3.297354394031519753e-01
3.328510498542054385e-01
3.576161585677067878e-01
3.624493491392127842e-01
3.793544206606691560e-01
3.814093033370762331e-01
3.842364313389580177e-01
3.944620246142102049e-01
4.055619416200286764e-01
4.171900034174075289e-01
4.190717966243114878e-01
4.341971533439553665e-01
4.427761775631665619e-01
4.504808780518114730e-01
4.558644043725063044e-01
4.582699041794449091e-01
4.719750396108594037e-01
4.741320006923578356e-01
4.931496513800556203e-01
4.985021103600705272e-01
5.002418814381515144e-01
5.092957921506144903e-01
5.108846647168212574e-01
5.215008188463364780e-01
5.267911431449912030e-01
5.355698859828597058e-01
5.371987022727978678e-01
5.397861679322909501e-01
5.467097467124095722e-01
5.555506242316381460e-01
5.572238224368334381e-01
5.629624040795856432e-01
5.643027379203522376e-01
5.658960486780846288e-01
5.728240656497289862e-01
5.780611316500752217e-01
5.799917449637621569e-01
5.813010114638487158e-01
5.884376234372017400e-01
5.923121646391528161e-01
5.937412623104336706e-01
5.951348544495089765e-01
5.999147867227061504e-01
6.015524793956958938e-01
6.027862966398451761e-01
6.066785906078990820e-01
6.081431938113857072e-01
6.106685247895187185e-01
6.124127340591256630e-01
6.154839625949217741e-01
6.168864311170484394e-01
6.186084494290267077e-01
6.199265923121646260e-01
6.210938366834282132e-01
6.272274173719691870e-01
6.316434179400578497e-01
6.346436354114425304e-01
6.383007052286333582e-01
6.398008139643258652e-01
6.410257548254236770e-01
6.421308645153273043e-01
6.445851844290488852e-01
6.456547885867467418e-01
6.488059045700058647e-01
6.499110142599093809e-01
6.509717420345557670e-01
6.589205430571150046e-01
6.599768326402357665e-01
6.632477797946891851e-01
6.644949116134157840e-01
6.655334484304336051e-01
6.685247895187669265e-01
6.695366971866303363e-01
6.707527616646768998e-01
6.718046130562718155e-01
6.744364606310220278e-01
6.757013452158514566e-01
6.794738080127109559e-01
6.827225642095359204e-01
6.838809321977480371e-01
6.885188423421224613e-01
6.916832728999586788e-01
