7.502029926922626490e-02
1.630997950740440405e-01
2.218710126435448071e-01
2.560897807678923499e-01
2.821598422456791377e-01
2.856687159262266684e-01
2.962533348799443189e-01
3.209991106986814779e-01
3.242953253682867576e-01
3.394907783319800476e-01
3.746761783242470445e-01
3.774600781038549568e-01
3.801859799713876997e-01
3.829022155202412847e-01
3.894463132660557214e-01
3.941248115067857993e-01
4.012778873293895154e-01
4.391311912771139747e-01
4.895023779143951037e-01
5.113289254920156957e-01
5.136488419750222523e-01
5.166647334029308425e-01
5.408305301009164179e-01
5.427637938367552151e-01
5.461953369678691494e-01
5.602404980087383191e-01
5.661852839964427453e-01
5.733673587750840461e-01
5.769342303677067463e-01
5.863685573986003874e-01
5.953002358581758191e-01
6.014480145381433385e-01
6.050728840428410971e-01
6.133279201948729220e-01
6.181224142597533389e-01
6.197270231604995461e-01
6.211479720063410870e-01
6.291420175540347604e-01
6.305436337625178744e-01
6.362370954645633070e-01
6.375903800796505205e-01
6.414182422766113723e-01
6.480010052971426626e-01
6.517998685380659296e-01
6.558307234272899855e-01
6.597939140857596030e-01
6.646657387000733941e-01
6.673626416115686633e-01
6.697598886440088162e-01
6.712775006766422692e-01
6.745447163902099641e-01
6.772222866643466954e-01
6.804025055098016361e-01
6.862506283107141503e-01
6.875072497390093407e-01
6.886865406178710458e-01
6.901461547384294404e-01
6.922437458918145881e-01
6.936356957816185442e-01
6.952499710010440204e-01
6.980628697366895175e-01
6.995998144066812863e-01
7.018617329776127844e-01
7.029443606696825775e-01
7.040849862738274290e-01
7.054286045702354846e-01
7.079901790202218770e-01
7.114990527007694077e-01
7.135289796234002280e-01
7.150465916560337920e-01
7.160518887986699887e-01
7.182364768201677796e-01
7.199280825890268520e-01
7.252155589065460983e-01
7.261821907744654414e-01
7.271391563237057376e-01
7.292077485210533005e-01
7.316726597842477808e-01
7.325812937400919544e-01
7.348432123110234526e-01
7.359258400030932457e-01
7.368151413215791035e-01
7.391930557166608295e-01
7.403240150021266341e-01
7.425569346170204366e-01
7.439778834628619775e-01
7.458531492866256052e-01
7.481730657696322728e-01
7.496616788462282521e-01
7.506476433515060220e-01
7.514982793952751372e-01
7.526679039554575734e-01
7.534992073618682618e-01
7.551328152186521647e-01
7.573850674709043940e-01
7.602946293933418032e-01
7.632718555465336507e-01
7.642191547770946780e-01
7.657754320844449847e-01
7.669740556006650056e-01
